83 824 593 702 988 901 418 771 420 663 88 861 578 288 770 608 886 549 597 480 795 999 417 314 351 968 379 23 236 723  17273
400 779 547 983 480 12 883 367 251 302 29 330 632 597 86 870 674 962 887 739 441 682 737 848 986 87 294 365 569 520  16339
87 959 767 102 941 247 573 302 604 815 72 101 613 694 167 689 42 831 650 919 569 559 600 774 407 64 329 169 419 889  14954
157 965 847 915 536 266 161 577 558 233 391 98 793 472 261 950 160 293 258 278 211 295 828 280 68 703 334 388 862 221  13359
745 487 654 591 401 658 325 30 235 351 253 616 440 515 88 691 464 707 452 191 454 131 476 281 401 13 452 203 860 782  12947
414 604 268 537 663 660 194 979 158 419 329 871 504 237 385 60 918 317 757 838 498 679 960 443 950 360 915 870 32 774  16593
129 436 846 388 441 977 516 626 955 664 513 753 12 485 980 387 535 376 173 761 213 661 439 172 572 858 992 486 205 23  15574
728 325 918 51 181 359 28 687 453 973 819 434 203 300 910 183 677 913 27 318 673 230 970 581 862 19 907 853 965 111  15658
866 692 426 261 734 597 88 230 752 531 671 49 434 865 339 343 516 484 255 533 793 397 753 240 446 614 718 352 466 682  15127
453 800 843 348 530 576 413 608 796 634 139 466 151 41 799 480 374 314 432 97 837 224 953 590 923 398 672 641 218 607  15357
322 140 875 164 478 404 208 359 12 472 983 610 407 133 641 205 81 483 979 504 570 815 196 523 873 588 389 23 228 598  13263
620 18 728 494 173 674 889 840 32 369 312 484 969 187 85 609 382 626 91 360 598 129 644 262 120 985 840 500 998 67  14085
566 617 76 762 580 708 435 937 547 926 305 327 878 273 504 432 350 355 57 900 183 123 28 817 375 139 802 215 107 799  14123
741 141 885 285 893 464 983 796 400 999 199 173 325 77 436 820 499 254 174 24 153 347 137 171 633 971 769 434 185 344  13712
701 395 944 585 670 836 517 653 109 385 651 299 548 966 835 974 263 802 696 896 816 839 243 421 479 866 391 716 768 45  18309
60 937 430 994 522 568 308 507 220 876 883 339 174 430 774 477 873 505 278 568 401 562 407 634 451 354 968 311 69 213  15093
346 588 149 244 60 139 802 358 115 491 233 988 820 867 417 71 343 758 567 90 326 958 642 201 69 562 545 505 863 82  13199
708 208 661 325 911 711 924 712 537 38 671 238 25 960 104 901 30 907 659 65 465 453 22 575 122 550 136 135 54 989  13796
207 230 665 336 546 53 515 469 756 51 497 895 280 512 854 843 881 875 227 17 408 682 460 421 257 50 961 852 175 484  14459
841 842 704 974 177 249 27 683 708 251 202 673 145 472 653 468 784 534 811 10 19 218 161 939 629 877 979 68 728 623  15449
542 46 464 714 20 109 954 506 260 139 225 453 281 829 393 924 296 645 926 106 646 936 315 275 874 412 151 330 939 869  14579
943 949 906 406 663 394 975 94 368 234 223 583 155 963 411 539 887 176 652 290 272 297 225 55 562 567 927 703 888 865  16172
50 830 292 424 705 945 808 679 38 644 381 720 226 527 683 105 534 47 740 185 327 481 942 21 526 503 578 921 675 465  15002
786 193 764 546 607 468 490 883 146 987 526 517 184 742 512 335 315 45 372 55 221 168 526 162 179 520 133 747 441 276  12846
681 695 928 444 240 534 380 198 416 985 184 932 501 827 151 482 162 457 517 524 971 206 160 965 827 329 484 429 545 393  15547
173 694 556 101 137 786 625 976 452 510 960 104 441 929 922 61 410 83 977 396 75 947 592 226 389 888 23 863 785 558  15639
725 948 720 280 48 325 535 142 300 977 120 259 81 29 188 471 80 66 544 56 452 87 471 513 303 328 869 786 191 653  11547
812 384 600 532 654 117 847 188 718 147 165 828 865 705 847 521 175 918 578 187 442 29 264 382 10 36 700 869 812 359  14691
521 101 733 590 623 856 697 939 43 414 85 667 710 940 840 556 930 483 942 507 660 853 995 393 234 996 419 402 342 699  18170
230 854 790 431 443 882 286 608 820 320 490 373 455 199 781 295 745 710 768 165 216 897 17 211 289 710 675 176 580 16  14432
865 800 338 132 231 249 13 507 847 301 295 336 664 219 525 445 504 739 623 740 894 830 114 379 509 393 88 652 559 136  13927
136 892 927 465 24 157 704 496 132 29 266 887 824 920 105 818 833 599 556 456 807 918 754 912 765 731 773 321 382 801  17390
447 508 692 373 441 184 989 614 149 590 633 405 476 925 793 571 742 104 169 766 28 444 161 250 824 916 971 75 236 821  15297
866 674 797 557 515 238 210 504 842 349 93 943 744 559 867 14 129 87 108 757 843 595 669 995 835 962 388 283 36 615  16074
103 892 757 891 917 271 597 126 765 907 465 326 849 677 353 193 160 941 739 727 175 582 322 835 54 625 796 432 899 300  16676
515 992 191 271 360 576 533 947 693 766 853 626 561 179 772 904 832 400 323 570 126 488 620 907 791 664 532 586 565 899  18042
354 79 368 535 341 719 111 342 143 272 576 987 366 136 634 137 509 465 527 822 35 122 309 123 497 100 256 28 154 811  10858
395 499 358 754 502 167 941 81 499 83 812 75 69 178 670 694 774 178 627 770 990 130 882 768 244 378 858 490 866 480  15212
769 260 447 126 482 940 753 422 489 251 496 301 785 33 938 455 195 711 623 813 480 91 933 361 849 645 208 706 603 542  15707
654 371 792 101 957 743 509 709 164 988 428 128 757 682 152 694 136 337 874 227 618 353 308 551 183 156 664 850 330 267  14683
391 975 106 651 544 531 393 52 708 26 508 136 144 734 286 286 427 412 92 300 107 700 122 406 719 295 30 852 144 351  11428
118 994 794 214 644 337 214 37 379 912 53 355 516 656 88 792 411 975 672 493 274 770 661 855 644 849 618 142 700 752  15919
952 286 745 745 959 858 81 172 885 919 84 406 743 68 530 821 851 931 795 991 892 538 238 31 392 350 870 10 483 47  16673
230 434 323 444 179 281 301 719 444 654 116 987 528 849 54 57 147 373 979 933 364 348 939 592 369 799 411 707 277 884  14722
744 498 317 535 410 955 807 701 152 719 823 727 705 350 53 227 397 190 591 844 591 945 192 529 14 551 797 415 727 73  15579
767 470 39 553 996 439 507 280 608 127 989 899 844 171 248 887 388 114 77 969 948 136 391 139 656 865 159 921 748 876  16211
984 515 814 23 67 287 921 42 557 998 160 545 896 472 706 613 359 94 717 895 531 142 30 913 741 154 777 368 74 993  15388
243 527 507 525 18 42 803 407 75 828 404 694 373 769 634 547 850 461 109 44 824 631 176 323 21 907 467 266 274 10  12759
258 976 996 234 501 13 266 772 410 800 599 283 493 440 520 596 978 369 56 555 403 871 654 569 193 665 945 128 399 218  15160
597 648 663 592 872 632 595 137 403 474 928 470 747 889 901 266 484 356 103 531 901 496 870 555 533 62 688 946 180 87  16606
633 768 203 295 828 74 395 423 670 788 887 75 726 111 955 104 836 907 450 929 906 820 893 775 843 894 827 999 840 476  19330
85 941 712 747 704 539 811 98 430 950 354 785 24 79 886 447 174 199 823 92 127 728 380 488 972 222 851 276 221 168  14313
742 765 108 922 512 802 461 791 368 359 218 712 144 702 259 498 617 423 688 439 975 283 636 354 762 607 45 90 873 725  15880
248 93 489 815 14 469 616 934 729 974 293 415 163 427 116 412 393 724 304 80 631 278 354 266 100 584 341 135 664 214  12275
850 380 766 808 194 770 745 278 182 473 720 934 879 873 829 463 284 221 186 578 292 286 324 114 542 415 166 874 540 298  15264
556 859 668 321 666 330 559 410 598 209 352 317 142 699 189 961 161 932 651 807 510 411 561 302 515 102 707 149 444 716  14804
437 468 574 104 257 708 424 285 117 490 484 928 797 95 104 976 524 725 385 174 1000 363 575 560 656 558 652 362 697 565  15044
546 133 32 119 696 280 817 588 33 403 77 507 799 342 70 894 786 585 96 171 227 95 524 793 645 179 819 765 10 516  12547
329 546 117 821 134 804 569 419 860 592 290 928 567 558 738 628 920 524 681 15 685 898 100 208 168 213 847 978 446 847  16430
493 766 861 600 64 463 872 101 351 732 161 631 137 718 657 865 814 576 388 963 59 541 861 149 740 28 821 64 996 267  15739
379 957 501 708 35 33 171 897 124 512 106 275 611 233 461 268 567 744 312 423 706 362 955 44 970 172 63 791 695 527  13602
526 73 484 495 771 509 518 410 874 632 390 971 375 470 672 304 728 707 47 508 599 222 860 553 256 308 193 778 567 878  15678
774 92 419 257 577 658 234 94 68 576 194 448 24 37 908 687 331 113 862 838 90 460 59 940 481 774 716 664 552 282  13209
19 325 364 897 50 409 555 743 493 91 787 155 529 802 182 906 957 504 487 818 810 567 278 859 976 749 110 691 882 130  16125
964 369 445 796 266 954 205 811 174 166 370 952 312 889 231 953 272 187 925 228 995 734 263 741 70 238 959 171 398 840  15878
760 830 677 674 625 933 627 298 221 270 455 581 690 235 939 911 187 679 97 581 897 560 314 629 770 844 335 728 483 723  17553
45 242 30 712 906 124 123 11 412 803 271 335 853 951 560 269 861 216 938 426 787 313 454 569 932 223 412 266 941 885  14870
458 454 596 478 166 501 70 748 502 473 550 763 798 402 191 827 661 520 511 77 414 766 380 859 334 780 81 215 45 491  14111
568 962 935 163 909 100 655 969 316 625 441 857 388 708 727 47 12 388 558 982 924 962 747 303 298 549 551 370 754 64  16832
329 791 26 263 944 925 823 76 371 138 692 281 463 548 457 190 63 459 46 611 440 960 51 655 731 339 203 281 177 426  12759
804 496 216 820 750 628 222 50 695 584 178 855 333 632 871 780 812 924 238 326 13 146 285 54 269 484 852 462 233 29  14041
356 36 515 562 847 733 659 537 773 353 589 420 676 912 51 546 169 331 938 397 647 941 11 400 463 270 874 315 201 106  14628
803 547 601 786 578 916 519 236 453 760 57 510 179 201 891 689 215 59 19 152 916 134 93 917 524 24 656 866 329 325  13955
440 600 340 41 386 908 947 373 612 868 132 137 378 771 328 268 459 533 786 469 676 701 593 237 96 586 251 742 920 49  14627
535 360 117 865 860 493 251 806 334 331 152 457 459 520 696 777 256 154 779 510 613 923 211 675 159 297 729 869 507 648  15343
386 41 476 494 374 335 455 615 610 780 937 752 705 864 740 400 118 464 544 887 964 626 809 174 769 436 930 497 305 905  17392
613 159 414 558 643 779 883 98 862 961 346 276 712 50 139 920 440 248 383 974 603 816 599 881 458 836 316 388 801 89  16245
292 883 239 697 440 350 944 791 907 805 752 252 550 932 292 157 852 722 864 703 696 467 518 763 347 967 599 653 823 868  19125
211 583 750 440 279 189 780 222 971 687 496 200 407 45 131 690 661 451 411 525 154 575 982 140 807 797 575 874 449 866  15348
741 128 449 491 558 718 670 807 409 118 962 373 308 368 877 430 57 537 349 928 61 962 502 42 102 308 307 145 181 225  13113
11 913 343 450 872 892 636 541 176 513 128 606 876 426 964 752 324 490 758 664 417 809 625 387 320 195 164 617 331 804  16004
832 801 194 175 719 65 535 354 75 179 858 193 775 211 87 216 432 402 174 189 534 59 466 158 437 776 344 69 862 143  11314
863 171 934 57 805 130 112 808 474 177 977 800 829 229 480 907 436 902 777 78 559 310 128 24 458 33 269 270 561 599  14157
872 423 760 283 470 565 403 51 372 346 687 818 145 516 46 615 891 941 985 667 19 543 445 606 36 371 107 764 110 658  14515
362 972 549 590 724 19 154 126 529 986 931 215 803 76 199 317 159 558 258 613 224 736 624 659 810 128 499 907 882 599  15208
42 243 570 581 302 293 68 446 879 587 900 809 271 702 353 460 19 972 18 736 584 701 471 676 829 280 795 327 655 676  15245
916 687 388 954 267 680 716 326 594 594 381 494 871 120 664 224 49 673 195 57 408 247 226 347 913 523 617 707 318 271  14427
852 233 948 708 656 684 856 371 478 449 955 327 411 303 438 75 517 477 738 180 993 615 886 687 952 799 210 47 974 518  17337
308 303 220 725 479 866 877 334 236 823 774 659 149 653 430 577 718 938 53 925 586 514 539 472 201 959 739 401 996 190  16644
387 773 484 597 966 953 931 320 756 166 142 998 293 281 650 714 849 368 129 370 761 183 875 768 123 75 726 852 935 200  16625
42 321 441 985 909 875 415 839 194 170 474 326 167 235 597 286 417 914 122 14 753 873 188 105 640 301 639 834 622 573  14271
33 132 884 933 585 270 807 990 578 469 629 520 785 264 223 851 540 631 242 652 113 463 524 291 558 632 61 196 466 151  14473
237 958 273 590 891 848 328 175 315 896 635 934 884 888 667 107 216 206 728 918 327 831 380 319 591 929 942 120 593 876  17602
261 299 833 524 879 201 840 206 836 154 571 939 557 454 304 223 551 511 888 278 428 214 578 798 524 637 204 934 747 266  15639
809 998 555 119 990 902 780 307 576 615 451 146 553 998 591 847 689 141 826 577 879 722 781 925 989 773 561 661 184 776  19721
917 461 773 940 571 240 319 350 537 886 433 456 31 976 923 612 300 611 222 595 187 569 316 959 962 304 209 991 956 384  16990
766 350 835 16 290 405 246 599 223 251 953 646 697 975 99 619 64 390 230 745 453 876 782 759 834 743 63 512 733 18  15172
886 498 827 720 504 116 594 218 184 285 928 605 922 103 579 489 190 634 869 879 847 790 755 629 549 66 371 602 568 104  16311
88 453 70 905 642 43 490 704 720 142 979 126 737 378 219 785 858 399 887 204 278 733 985 32 361 533 88 723 603 647  14812
295 159 568 824 532 678 335 490 381 55 100 829 171 306 206 849 90 532 247 967 727 515 177 189 15 529 190 563 720 261  12500
